$ANSIBLE_VAULT;1.1;AES256
31323936316330343234343735343832613965313834646332393531366137366661343533343637
3637336237633964363539353162613634653661303962330a313239343031613465306464666366
37316631303366363061356439353830313462393665633763373763653266643464336561623736
3936326338303034360a656338313536313264396539666166656336653064376463666438383761
66316338376663393532616336623961386131333966663066393361313333373036626430316538
36333139313664636530656239646366636433343031393761343039626162326331303239343333
63393334333762353034303433346466326136356133646462383564396534356135393536663134
33663730636132366136306366366439636666396435353262613761313332306666643239303263
32346463323463633034333031623136623132323036653531383634353730353231303737303130
31623137643965373530626230646137663738343963366635633165623761396136363435643232
37366432326236303038363533656231366663613866323035333037633331386562326261396138
61653363353432326131346531306533613637613265643736343261663937313465623339366661
33393462633030616130376662376436666361373234626531613261356134616566633261393439
37393861393835303537663438623837623531616231353366393237333834336239646436303063
39323663626163396363393839313039336635653461646461656165353439373662313530326664
63363139333266393637376136376461616163356661643036366136656162393834356636653533
39363466643465376239616338376364613630353737643566623534633536346633636233326632
31393433356531623466623462303839386234626533353838323332626461623964623832323261
36366164616563653863373261373432393866626661333336326230383663303565336463383062
36663233316639373935303862343733396333356462613363663361623635373461333230313330
31643230626430323363646230376334363535666635323766343964343131646561306561393964
36346134333235353637303264656239393233363563333533616335633239366330633932633032
62633236346261383063363035336631356533623736346236636439613461663631333231386163
62353764626664303738383436626436643830323833336462363637383934336364656166393239
61356635376131303633396362333934316430616335343032393461353139313562373636653930
39353833613136313964333034323032633837303137353931643065303439343935356533316331
63363236393262366262373735333839343039313461316530656139323664383134353735633666
30343961383630373364653732663137343233373666623235393338623665306339333933383965
65306563316535303535623334613739663136336464613930316334333938346336653536303665
39366536316461663164356538356665333134663238363738653831343466373939316665353237
39663037353031353166616636616666363737303036623130343139623633313964353534346533
64643264623331663761366532616233666366373639313130636538373135356334616637646137
63346431643063373437353062373932623534623939313833633431343333356332363337663338
39626566323133616238323765663431666534346436353230333339383132396638633163353733
38383631636435376561633063386664366437363265363134653439313733336234626439633431
62356138353063653766303937343233356661623232336132396631656235616637623662393834
37323761323033613238373464396464323633323762373835383162373337626162393132646465
39373238303464366438343163333435343536336338326562376637376462623866633563653465
33383936633838353737666265353863633662313665666434626561346234666332313734316532
34623864393031616534636436333031643336666664323834633335663765373335316532393037
30336237623033383930653862333436336339303135323230393961633934353261316336366431
33336132633433643834373534386364373535633639663636383665343665663538653862326537
61393161373737623731306466666364643235366530366532386637323635303033396336666632
61323939633334343637633030643534636266646639643137663637663038663664336536376162
63386536326235363430383331353530623266653462386239613464326236653432
