$ANSIBLE_VAULT;1.1;AES256
62313965613062396366356335383430643034313638353039323231376633613934393864613934
3935386336356535666630363564623961323031336433650a613130363662656466613565326665
35653230333330353933653231363930313963373131313335323937633063353630363564373435
6165363465386533660a373432303830326266323561363461383736353466303765353735343230
31643331613231653933393739316565346266323235366265376230303936333739306231663738
32363837363735353761373966663134666434373638313133343639333138396239353833306136
32313863626536656439616138663133626165623731373036666531386363656438636539393030
30663166303336356363613334656530323636396561666235313734393037353936633036343237
65313963663639346663616330333633666230656636643734666535626639333166666435333837
62653966633339323735373536386136336633666639633438363234303036336635386534316339
32613532336335663338633861323933613531396163303336663563653064333037636463626236
33643566346362383330306435383165393033313364343264316131386235663766623263343062
33646662353663653861363735643735623734386135373931363166303531346264383764366635
62643937316131616237326265363662393432333634306336633765353965666334623562623838
306661393635646165326135383635316233
