$ANSIBLE_VAULT;1.1;AES256
35643831316230376138656431373733306136333136653563393636646430623664616236616538
3032366562633130626664643535613234366564316330610a343236613234343830303562656135
35643062316330373031393965653863323531623635363534306235623966656339316262643839
3362333030306130350a343036653030393763306238323333366231313233663030306136343837
31356261613866633839336631666663633730626133656237316436616165306439323563336466
64303439636365323666376230393962656664363435656535636535356533383561666263623461
63663061613439316363643466376231633466316330333465626236663033346466353565613232
32343230303262623561363662666132353139336339343731646562353136393431333533323661
62653437336534373436626438373733383635316462386339666634623061613136393239366564
65303161306566373336646332303164353266343937396463373161653337393533663834363939
31303633303165386637383763353930336535366336336237386562303965326132373736396333
64393862653962333761316335333864616662626136656232623665383163333336613236373535
36656263336266666361623532663934626638313736363233666334376339373335636662663731
30336133306131303530333436656566633361376565393533326335353161336364326233396164
33323333316662383232393437633037313835353339363861613165386339646438303932313565
38653330323033653735656133353966623734343630366437313163353263303862383831316434
34303230313537393437323461316238383264383831333031373366356136313631663264356332
39366230353937393533393661396535393364366537306639323139393731373039376338396265
39613865333930376336626365343538336564333763636337373161383436636634633032656638
64353731306538653031666436363139653164313932383433616136346438666666393661363439
39343065633934393933306537663837636331333832643263626234386163383731636663636539
63313133393836326265663530313735653566376333313139663665376663333866633065643666
37363333636561356265373038653563313763346464303632373534363538333535366438646466
38613632363934653466616262303833626366336539383165376232376532646339623832303430
31333633313733333964613039386337613534623736363865336435653033366163616230313830
64323263366463313238303539613439356630656364383738643736333531386334373334613139
66396139633330313933373564646464656132376637613432366338613237396565633232646463
33323739306266376362313136633763633232313332356464653464646531623661643039353861
37323066323033643434623934376530636635363165653064313534333663323661353839626539
62373361323336336363316437663739353235363733623437643661336336363362393966623337
66656631333432653836343335336237643934313338656239313366616535653337393531653233
36343863343739386236636235366239653339363237356331646438663135306233383539303937
31323430303136326234636439393732663730386539326332663265663733633830366437656463
61313937646532316233656662613539393264653430643862616562353537633064393262343032
66343739656264396438346331623435363139646338326131666433633261393261386635363966
36313032666333343334343263653832623763366437656662636531396631396634313362656236
31363731346333316262333066386236336531656530343337313030626130376637326333633231
31383261306437346464386638383561323836373964366231373337363138313766303434653930
61383339636633643338383031633565636561653265623632356236613835366535376462313333
62373433663639633034653032326630353766663534623766376638353632313964376133656338
32663362663330356565356439303663623065313336373734333865386631356339303461323462
39623731336364313262343535356630653962363439396365356533393132353338653562356530
38356261646539356537373064613966626262623232326335316437383638643637643065643235
31323161373363633034373665636461383839626462313762326261326635393464353433346333
31383330613632353663323733393536346562333065613336333061386131613436616230376566
38393235396166656164613462646366313135386330303832386562306130323865396365323565
63653564333639376631376236313932666134643066653033363139636538383932646630353537
37323433376562393861616165646666383161393962623663663736306133313934663366336334
61636532386439626633396336613663643034616164336464643861326531636136373966653962
37333161396464336662353035353538313730356530343264663362373532616466636139393231
39366237616533633337643034623039656339643266393462653764653739383035643064393564
39396338666362623839633431626537306661623132366163656263373831643732653332343135
64306337616130306362396561316666376138643234643664663233313837663862643065303031
39353139313730653764646261613838653231643733666335393233616661653963393961326363
65376539316137343232396630653335333032623565366131623037373165386439333732396236
63383235616538653439346636323935373935393263613732346230373831373131323666316534
65363837336430623263333435383533323935396637303636333732323635616539333562386431
39666564626662626339363664306137643235643866326132383636376532376463376233303531
31343566613031616633666633333762643734346433643166303033643262306364653935313136
35313731653631376231656261623664303965643937383331313436383934363131353234313132
30636266363866303034663139386331373936666436333835393065313834663035663239346366
38616233393339353233666539643661303664666138333162663538393330306233653761323466
61313439396138616134356561363336646237643636363734363638373038633936636566303666
63396534653132313862323761393237633631623635346330356635346163323161353033363535
32383764323633353535356363303462633064316261323862396430316135633038393665323431
39623637333634323037366331383434663632613166653766313233343235646262313630383836
37373066376162623336303064663730373639626232353461386437333566396666663939333030
33303366366432346136323630323037393566343062613231656264626565613931663864646664
35363739366536343531306234346339363134316461313934393763306531373333616565656365
64656138613562343736313634306137333731373565643637383836623737323066313434666331
61633530303165666164386561333663393830363238393263646463393465333237383866616431
31313462353361323839643361393532613834636465343763366330656162396532613731613639
66656238313535363662373931616362373636373863643562363232353830343131653861393639
64306339386162613338656637653262323466663466613430323065383163353338306437616438
36366634333262366334313433613234313135633733613362373532356661386431363033323235
61646465393562353665376464363433366334303164363033623232383339353432353437623331
61666362346136616161333864373634643836623264306137333964316232636538396466333862
32653932373633613534613865656363386332323163313639663666613635646462636532323664
33303138373932613464373061343638363636373966656232643036626231383232616433663863
65386361663730633231316139616566383932386466323333663038623238336238303863613562
62623366323631373230613735363939633438633433383936623837386432323263383535616530
36353739366635393562326238393035343231633839376132363739373834383565363532356365
35643638363333636330313538663837366363663539383363633230636565636361653464303637
63653162646434386564396463643035613663313937336330303164386631353065663030613038
64626335643861373532343364626461643435366635393730363738363730366562613934303234
30303636343934663831383833336239643163343937373636613137363762653535653664326561
64353136383261356230386539626633353463616162316238323837393630653030643630313236
33393766393431643261393634633564343236623134656163656630333035373738343761323736
38333663333534643031646235666164313665643563336639316231653666623532653966363062
37306135613130633733616630653461356131343236356331356534613164646133626532316463
38656432366263346366633331363834323330623839373030653937386233326631633464313062
30363564643166356262643737343536313332656431373833346464653633663366316236333732
38363435653034303862623231313132623835353166313435326132346261333033623330306436
36326232333939316336616435323861656532356332323764626632663166326332613038303231
39333239326632323163353634663366623764643237633765616464626436643061663635633065
62653732626139643430313030636164386130613537356431316331353931306337333134396130
36376566396337336533643031376637373938383739633235623230393830643161313532666430
36656666383737666666626338356138386133336331373330306237313965333534393232643236
33663132343930356231313335306366646363336262316631623161376466666333386362633764
32313434396466303635343332633632643130623830376163336162353361323962363032393339
66636231623935366366326534613962646430383436363737623864383536646337323864313031
30663363643537323762643638326664613064663137373430336266353937353230343735336332
37326238653130303330393261666331376264666263306337663031353931306635396139363364
61616466326433636634623932303761313666303630636432346439336532656434353131623938
63343263326131353737366166323531313432633561663435656165393338356664623135373733
32363065333533623266633136366337656163373636376238303966343637626664346166623332
33303433636461656161316330333035666631363138376264373164613733613834613932393036
38623037646133323533
