$ANSIBLE_VAULT;1.1;AES256
32663135353032313530643731363361633035313633303130373566366161613364363332383133
3030333432393431363164636636396139653763613034360a376634333163353961666437613339
36313635333639366439303830366362343465373633366530633632373537303831383964333833
3937666662383933340a303064306665616236383965326530613139623738623062323563663763
66646531646437363466626462633834333537313835373463383632316364373862356661336266
62386465393836323238663234636564323537376234353230616234383231336161313564346434
64633634363264383531346130393264316530386531366132303533356465373665616239383862
34366639356537633730396434626365633964383339366138363266643039383766613137623138
64383632326364316535303565636161393038313063393231633336383734326130303839333136
65393133646239326565353637386335636662616132613765666264653235376165613734623630
30356336616433373237373563366562306564363865616162346431396639343136666536666265
33333633363664336239613531643062616635653764393038313063333966356666316461633161
65633134343336326631383635303662613738366335616134616131306361393866666563376463
38643233353961393236323939613765616638613133643863656334336338613338376162363065
39353766306565313862613838313366613361336163623266336261363264336138363939316239
32326664343665376330626331633333376536643433336231356138333434613235326264373335
66383136636166333137653038333762393964313034383639323937333462643531346166663365
63313761653936373863363236323463623762636535613864306630346131613738366133326633
34366432393230393932323263316161306530643736366630346566353535613262363466313837
30353236353961383533393034646338363163333938656239313365303233323136333830323632
37623639376432653038383964323136353566633333396262643861323436626137323066383238
37343632336132393465363963343139646331613732346337323765363530613230623536636232
30386238616266316630343866343461356236653966396661363334623235373836346434666531
66663438343264646661313465306266633166613733336535343937366237663333643638306430
37313932306162663233393266396432356331383565626639386464653832316130383766316633
63386261383963633561653866366231653236356234336363353663623434346662663064346130
66376363336137326264366161346239353733663731623935336635363966656463353264356434
61343431653439306663396335666138663435656561376134303532333561633762393035316233
65376331616261303863613236336436363262343438373839333963306639343933333461366163
37656265343338323561306338363363366461383266633462396632386337363835613166333931
37383862363530323864326663386364343531626335393535393335303830326663373938303264
38393134356138303832386464613364306231393032653539366265653262663932366335363136
30383935666334383438396265356666656137623061353463303730613038646537653434633963
61666533383138643637346335306433343035323635646130343463623431303830393230313430
37633031306435633366346530663930643330643339393566386335623463643030613164383835
35636164666564666631656361373063303631393033343665346433343731353762633430646564
36613832386431363030653162383638663964363936336561623031643337366635613539333463
61633739386438396637396266306164396462613233643134333538373465643335386437323662
30313264623531613964633061326530663463653232303635636366386466333366336331363731
37306161313562373631646463636539373239306133666462613133623237356166653765376662
36646530616232336561663963306435653539386535306632323133353333653530333837313137
65316535333464613766663933666538626262643964623730343436373337656630356632373730
35383461633064643533336663636336613938636137646431616231653837373839636137383430
32663462613636383866666338336336336262383337333032343136633434303065653037623435
61663632313230323833333831353965353565636636633835393064303962386537306230303330
63613334646265396465373233356662666230623963643434643331313038643139303461306235
34303663353663326435376161343030393364303338316639623937333339616166366364346231
66383835366135656634636239346434643365363864643539343865376233643132316530613963
33313561656336613362396637303165323139303234386534323631326163623066356339376233
39376266656234623166373534396663393735323337396438383366393261326633373163323861
31393034656263336164353334326163366531363864626630353233383734303033616439373263
34336334336537656266333035333165656539623636646534613531656364306161343138343761
61613632343136303433363538626636663939386633303864343563663831326538306332623134
35646338626439646166623837653832323131663230626461653161323936613661303661333534
66643463616337306331653264346166666266633565656637626535666164633264386131643734
30313634643261336536356462383561653636343332626364656439343263303866636564323764
63363932333039633966643762653537356138383530633039623039313461303961316366356337
30633835663435643663623666663639633433313663373533336231323735303164656434636265
35376136393630626665643361643539336163626136353865333330666565396637353135313464
37393435323635393661383533356664333132343064363434373035343763363730353261366266
34326162393936616565613332623433376265353361666463393434666536363965616436616561
36626664643934363932653536663062383231653436353638656362376262386265303766656235
61393632393562303533313833343336343064313537633265386131303536386633623364333838
37663530356334373330646435653632396532383135333561626530363432643837353866303937
37313436633866663234313962313738323665663364346337373235376233636634613232313463
61353938633538323032613733656638323938643134653066326233356134653132356139396564
66613135303738626339323336363165663561396636643564383131353565396263366163616163
34653863656635636361646335333830343831646135383137613739623862623962653937646165
66643261663963383732393865626365386363326166626262326337306137623531376563326230
34663030643435336634343464303233613838316631656662353666323033373030626261396333
35646165393734363239386430393661393933336136343836653830376638626662616331373864
65646566353062306263353330373466636530343638666561656461383666633638646131333338
36393762613036643564656364303234373264353864373665346166373061373961656334666139
64636538333362666562376566353938376537326461626133666262333734383239306638626532
31336335623932663033303939666237393761346132613430373566323262656533653737376336
33656632336631623635333661393966346534633833656238363865326639393464383462303430
61383431373139633036636231663764313639636532306537313831363634306634356163373966
64353431383739373861623333623464653562626230343933366134666430356336633534313862
65613534393138663861383366633533316633313433376136656131633732316633333037346537
61333563666130646630313363666339376132383966646666383063653032353363666536313333
35366436643331613331643066356466396338373763326333653365663563663932363231356661
63316338303836386133333233663331316263626366383865333863613962663462313638663962
36613362306466623730626262633538343330643338646264633866303431316432616236626337
61633233336463303735626430656137646166623539666436616330666663646539336130613437
62383162633935383661646637333564343565373135333136336363366433383134343934353137
63383734633537613731326338626434306362316563353730613435336663623831333566336463
64363834613165383139343136386263633665313430353764613732303561346562393537373163
62313364666137336431353630343061323738383863303562623464396431333861353734643230
34393533346231303731636432633831363063326465326139613439353162326330363035633332
36343136666333643864653130376634643535376539376433623864316363633964336235633564
64613131353632336662643235363133353934666631386134353236356338343037323262363761
65646162383835636134313537383434333466303332656237666537366233353639383863393863
34636132393262656631336562346636663265396565303137633630333833313763333431343734
39376263646434633832626531373035333432666661646130626132633236636238646430383630
30333338303830323333656163316165393738373831323362306566313237376133373631636339
64396161313766386232633039623264363732616237633930316566373661366238626135666362
33633863643135373261326337393335363737653131636531316162363530383733333532313034
65376139336531326461373063613862636566383537313764316363656163343266333837363163
63643064626435373036313431383234393165306635376462336335336530353364663732643131
30646465653430396638343330643531323838363331383236356634333632346333666438376333
62633436376234356362353937393230376430646339336135363135313333303936623437336462
62646137303135313765363737383838386232313466373161633362373039386435643738656537
32336532666632343539353264376362313865376366336630333264646336393361373037653331
64303962633638363937666232663130363932386234336239386534633830353861353134366539
65373363613933376635363065386534656365626264303233393333636566316461613761323932
61656435613364376565636264376238643339383033643834353037656135653930653363393836
36623439633665386539396433613639626435303433623265343764633436373937373030613634
39623663363139333039623265336332313663383938656365653666383961333431336230623030
34373430333435323732393565373433363836646235393032613261303064316661373061326462
62303039613863363235656264626665643936316263643538343263363835656538386438316166
62303166313734376337633331363837623834376431643136303932333735393033626430393531
37376662623034323437353633346638663863323639316131316332623933333337316363306335
30353563666334356236353030333735326532613662623332306562363337646231313737333635
37343966333264373333313035363939396566656138316366303435613238396532326133366536
63353730326532666463633537306532363238353232643662666334303037643932613134373838
32366662643465356165326536333266643532343938646264336537393930633931323237333230
31646432613462646435333631643232663432356463363538303666663464383362643064343132
32376464363939623631353862323562633562663636313638356632393032656531366664663231
35373035373762656638663261303438366465623530393264346637313138313738653863643837
35373939666564636639353130383665386335313365356363393933383932393863363735363661
32313436306163323266323166653135323336313862333330336333366234393833613836623665
33636335346132336538663739613063353164373838376237326138646166646531626239376230
36623662646632303963313638626131323832636137663235323930363636643631613537366662
36323933636464333135353764666436383636363730303336306162363432303165626263623232
62373035373930613936353035333661373534366538303966333063343432383034613137336238
61643035386639303835656465373761373737336335396230336363393435653563393433656232
363964616138393330323238366434633036
